1304107,
1358436,
1358463,
1358464,
1358465,
1359548,
1359549,
1359550,
1359551,
19004115,
19071340,
19071511,
19087449,
19091138,
19091139,
19091140,
19091181,
19102501,
19102502,
19102832,
19102833,
19103075,
19103655,
19110304,
19112669,
19120748,
19124389,
19124390,
19124391,
19124392,
19124393,
19124394,
19125317,
19130457,
19130458,
19130483,
40056567,
40056568,
40056569,
40056570,
40134728,
40134729,
40137328,
40137329,
40230574,
40230575,
40230576,
40230577,
40230578,
40230579,
40230580,
40230581,
42705849,
42705850,
42705852,
42705853,
42705854,
42705855,
42708082,
42708083,
42708084,
42708085,
42709322,
43532725,
43532726,
43532727,
43532728,
43532729,
43532730,
43532731,
43532732,
43532924,
43532925,
43532926,
43532927,
43532928,
43532929,
43533090,
1361172,
1361173,
1361175,
19015523,
35604026,
35604027,
35604029,
35604030,
35604031,
40149524,
40149525,
40220994,
40220995,
40220996,
40220997,
40220998,
40220999,
40221001,
40221002,
40221003,
40221004,
40221005,
40221006,
40221007,
40221008,
40221009,
40221010,
40240463,
40240464,
40240465,
40240466,
44506436,
44506626,
45775389,
45775390,
1397141,
1510542,
19025347,
19108593,
37498211,
46275982,
46275983,
46275984,
46275985,
46275986,
46275987,
46275988,
46275989,
793416,
793417,
904164,
914649,
915210,
915981,
916173,
916175,
916176,
916177,
916178,
916179,
916180,
916202,
916204,
916205,
916206,
916207,
916209,
916210,
916211,
916242,
916245,
916246,
916247,
916272,
916273,
916344,
916345,
916347,
916349,
916351,
916382,
916383,
916386,
916387,
916388,
916389,
916390,
916391,
916432,
916433,
916434,
916435,
916436,
916437,
916439,
916440,
916462,
916463,
916464,
916465,
916466,
916467,
916468,
916469,
916471,
916493,
916494,
916495,
916498,
916499,
916617,
916619,
920662,
920715,
920754,
926067,
948692,
948693,
948694,
948695,
948696,
948697,
948727,
948752,
948755,
956307,
964049,
975508,
975582,
975642,
975643,
975645,
975646,
976076,
976078,
976213,
991910,
1329241,
1355741,
1355743,
1355744,
1355746,
1355747,
1355749,
1536754,
1536756,
19002167,
19008231,
19008237,
19008355,
19009483,
19009991,
19009992,
19015780,
19015801,
19019276,
19019278,
19022460,
19027280,
19027462,
19027802,
19027803,
19027805,
19028314,
19028716,
19029091,
19030826,
19030827,
19030828,
19032266,
19032378,
19032702,
19032703,
19032704,
19032705,
19032706,
19032707,
19032708,
19032709,
19032710,
19032802,
19032803,
19032804,
19032805,
19032806,
19032807,
19032808,
19032809,
19034021,
19034027,
19035258,
19035260,
19035282,
19036100,
19037464,
19038937,
19038938,
19038939,
19038940,
19038941,
19038942,
19038947,
19038948,
19038949,
19038950,
19038981,
19039283,
19039288,
19042201,
19042375,
19042376,
19042377,
19042401,
19042402,
19042403,
19042519,
19046304,
19047994,
19048508,
19052272,
19052278,
19052279,
19056694,
19059420,
19059610,
19059634,
19059688,
19060583,
19060584,
19060841,
19061578,
19061653,
19061654,
19061952,
19062032,
19062227,
19062535,
19063153,
19063231,
19063437,
19063542,
19063543,
19063544,
19063870,
19064361,
19064636,
19067406,
19067722,
19068627,
19072499,
19073069,
19073361,
19073814,
19073815,
19073816,
19073817,
19073818,
19073819,
19073831,
19073832,
19073833,
19073834,
19073836,
19073839,
19073840,
19073876,
19074301,
19074763,
19074770,
19074792,
19074827,
19074829,
19074856,
19076067,
19076095,
19076110,
19076121,
19076131,
19076132,
19076143,
19076144,
19076989,
19077735,
19077736,
19077737,
19077782,
19077945,
19077946,
19077949,
19077950,
19077981,
19078253,
19078260,
19078281,
19078282,
19078288,
19078289,
19078290,
19078315,
19078986,
19079987,
19083952,
19093932,
19096275,
19096433,
19098114,
19098185,
19098217,
19100015,
19100102,
19100257,
19103250,
19103264,
19103313,
19104680,
19104810,
19104813,
19104858,
19104933,
19104934,
19104935,
19104954,
19105087,
19105122,
19105240,
19105241,
19105273,
19105290,
19105311,
19105471,
19105972,
19106371,
19108458,
19110960,
19110963,
19110964,
19110965,
19110967,
19110968,
19110978,
19112896,
19112897,
19113921,
19113922,
19114652,
19114653,
19115163,
19115223,
19115224,
19115232,
19115248,
19116362,
19117967,
19118143,
19118144,
19118145,
19118146,
19118446,
19118695,
19118696,
19118697,
19118716,
19119092,
19119134,
19119135,
19119139,
19119140,
19119141,
19120348,
19120349,
19120365,
19120572,
19120583,
19120845,
19120885,
19122159,
19122161,
19122648,
19122734,
19122735,
19123652,
19123653,
19124218,
19124219,
19125275,
19125276,
19125277,
19125278,
19125539,
19125540,
19125542,
19125543,
19125544,
19125545,
19125546,
19126625,
19128137,
19128138,
19128140,
19128141,
19129119,
19129120,
19129476,
19129477,
19129772,
19129773,
19132822,
19133091,
19133284,
19133285,
19133974,
35200442,
35602854,
35602855,
35602856,
35604470,
35604471,
35604472,
35604473,
35604474,
36026981,
36026982,
37003029,
37003030,
37003032,
37496942,
37496943,
37496945,
37498866,
40000690,
40001285,
40001286,
40001926,
40007237,
40010078,
40013952,
40013954,
40013955,
40013956,
40013957,
40013958,
40013962,
40013963,
40013966,
40013968,
40013970,
40013971,
40013972,
40013973,
40013976,
40013979,
40013980,
40013996,
40015456,
40018152,
40018153,
40018154,
40018155,
40018156,
40022936,
40022938,
40023878,
40024311,
40025388,
40025389,
40025390,
40026674,
40027153,
40027154,
40027155,
40027156,
40027157,
40027158,
40027159,
40027160,
40027161,
40027162,
40027163,
40027164,
40027165,
40027166,
40027167,
40027168,
40027169,
40027170,
40027171,
40027172,
40027173,
40027174,
40027175,
40027447,
40027448,
40027449,
40031315,
40037356,
40037357,
40041049,
40041050,
40041418,
40041911,
40041912,
40046035,
40046787,
40046788,
40046789,
40046790,
40046791,
40046792,
40047938,
40047939,
40047941,
40047942,
40052930,
40052931,
40052932,
40052933,
40052934,
40052935,
40052936,
40052937,
40052938,
40052939,
40052940,
40052941,
40052942,
40052943,
40052944,
40052945,
40052946,
40052947,
40052949,
40052950,
40052951,
40052952,
40052954,
40052955,
40052956,
40052957,
40052958,
40052959,
40052961,
40052963,
40052964,
40052965,
40052966,
40052967,
40052968,
40052969,
40052970,
40052971,
40057263,
40057264,
40057265,
40057266,
40063556,
40066583,
40066585,
40069324,
40069330,
40071896,
40071897,
40071898,
40071899,
40071901,
40071902,
40071903,
40071904,
40071905,
40071906,
40071907,
40071908,
40071909,
40071910,
40072289,
40072290,
40072291,
40072292,
40072293,
40072294,
40072295,
40072296,
40072298,
40072299,
40072300,
40072301,
40072303,
40072304,
40072305,
40072306,
40072307,
40072308,
40084560,
40093197,
40093198,
40095894,
40095895,
40105920,
40105923,
40105933,
40105936,
40118508,
40127792,
40129765,
40130235,
40132835,
40133137,
40133447,
40136989,
40136990,
40137994,
40137995,
40137996,
40137997,
40140235,
40144502,
40144908,
40148540,
40149337,
40149354,
40155294,
40155295,
40155898,
40163006,
40163007,
40163008,
40163009,
40163010,
40167223,
40167224,
40168063,
40168064,
40170020,
40170021,
40170083,
40225755,
40225756,
40225767,
40225768,
40225769,
40227097,
40227202,
40234764,
40235501,
40235502,
40235503,
40235517,
40235518,
40235519,
40236400,
40236762,
40237317,
40237653,
40240478,
40241219,
40241220,
40241221,
40241683,
40241684,
40241685,
40243832,
40243833,
40243853,
40243854,
40243885,
40243886,
40244010,
40244011,
40244012,
40244013,
42543795,
42707217,
42707221,
42799284,
42799285,
42873750,
42899676,
42901437,
42901438,
42901470,
42901592,
42901593,
42901594,
42901595,
42901597,
42902103,
42902104,
42902152,
42902157,
42902159,
42902291,
42902292,
42902293,
42902294,
42902295,
42902296,
42902298,
42902301,
42902303,
43012822,
43012855,
43012856,
43012857,
43012858,
43013733,
43013734,
43013735,
43013736,
43013737,
43526304,
43526305,
43526306,
43526307,
43531731,
43531732,
43531733,
44814179,
45774401,
45774402,
45774403,
45774469,
45774470,
45774472,
45774473,
45774474,
45774589,
45774590,
45774592,
45774593,
45774594,
45775479,
45775480,
45775481,
45775708,
45775709,
45775710,
45775905,
45775906,
45775907,
45776285,
45776286,
45776287,
45776393,
45776394,
45776395,
45776657,
45776723,
1336825,
19102218,
19102219,
40220990,
40220991,
40220992,
40220993,
40241969,
40241971,
40241972,
46275605,
46275606,
46275607,
46275608,
792334,
792961,
792962,
792963,
792964,
792965,
792966,
793642,
1592312,
1592313,
1594187,
1594188,
1594191,
1594192,
1594194,
1594195,
1594198,
1333357,
1333359,
1333361,
1333372,
19005293,
19007231,
19007232,
19063006,
19080993,
19082597,
19088740,
19116186,
19116187,
35605168,
35605169,
35605170,
35605171,
40015553,
40015554,
1718065,
1718066,
1718067,
1718068,
40222431,
40224716,
40224717,
43526488,
43526489,
42629382,
42629383,
42629385,
42629386,
42629387,
42629388,
42629389,
42629390,
42629391,
42629392,
42629393,
42629394,
42629395,
43011637,
43011638,
43011640,
43011641,
43011642,
43011643,
43012020,
43012021,
43012022,
43012023,
43012038,
43012062,
43012063,
43012064,
43012292,
43013204,
43013205,
1337620,
1337643,
1337644,
1337645,
1337646,
19023529,
19023530,
19120285,
19120286,
40095743,
40095744,
35606176,
35606177,
35606178,
35606179,
35606181,
40244266,
40244267,
40244268,
40244269,
40244270,
1344905,
1344908,
1344909,
1344910,
19022401,
19074759,
19095938,
40022178,
40022179,
793846,
793847,
793850,
793851,
793853,
793854,
793857,
1319193,
1319194,
1319195,
1510892,
1510893,
1510894,
1510895,
19102199,
19121059,
40059616,
40059617,
44817815,
44817816,
44817818,
44817819,
44818188,
44818189,
44818466,
739458,
1314273,
1314276,
1315411,
1315452,
1355788,
1593149,
1593151,
1593152,
1593154,
1593155,
1593157,
1593158,
1593159,
1593160,
1593161,
19035921,
19120213,
37498579,
46275076,
46275077,
46275078,
46275079,
46275080,
46275081,
46275082,
46275083,
46276296,
46276297,
46276298,
46276299,
46276300,
46276301,
46276302,
46276303,
1397599,
19030418,
19044148,
19075392,
19082971,
35604085,
35604086,
35604087,
35604088,
35604089,
35604090,
40029100,
40029105,
790202,
790203,
1511132,
1511135,
1511136,
1511138,
1511139,
1511142,
1511406,
1511407,
1511408,
1511409,
1511410,
1511411,
1511412,
1511413,
1511414,
1511415,
1511416,
1511417,
1511418,
1511419,
19054825,
19054827,
19058076,
35605605,
35605606,
19054821,
19054822,
19054823,
19054824,
19063244,
40221177,
40221178,
40221179,
40221180,
40242675,
40242676,
40242677,
40242678,
40242679,
40242680,
40242681,
40242682,
40242683,
40242684,
40242685,
1310317,
1310318,
1310343,
1310344,
1310345,
19001721,
19007236,
19018903,
19043111,
19044346,
19044589,
19076043,
19099334,
19104552,
19104553,
19104554,
19106577,
19109461,
19109462,
19109463,
19115485,
19116191,
19119708,
35606510,
35606511,
35606512,
35606513,
35606514,
35606515,
35606516,
37002348,
37002349,
40028154,
40028476,
40028481,
40028482,
40028483,
43560510,
43560511,
43560512,
794041,
794045,
794047,
794050,
1311078,
1311104,
1311105,
1311106,
1311107,
1311108,
19007298,
19010147,
19010148,
19021392,
19021393,
19047417,
19057780,
19082268,
19114594,
19116209,
35605640,
35605641,
35605642,
35606024,
35606025,
35606026,
37499290,
37499291,
37499294,
40029281,
40029283,
40029285,
40029286,
40110488,
40175461,
40175462,
40175463,
40175464,
43532299,
43532300,
43532301,
43532302,
43532303,
43532304,
43532305,
43532306,
43532307,
43532308,
43532309,
35604657,
35604658,
35604659,
35604660,
35604662,
35604663,
35604664,
1311409,
35605625,
35605626,
35605627,
35605628,
35605629,
1146177,
1146180,
35604270,
35604271,
35605744,
35605745,
35605746,
35605747,
35605749,
35605750,
35605751,
35605752,
35605753,
794042,
1311799,
1311825,
1719024,
1719025,
19051600,
19076077,
19124636,
35603891,
35603892,
35606020,
35606021,
37499292,
42544058,
42705098,
42707272,
963846,
963847,
963848,
1146669,
1146672,
1146673,
1146675,
1146676,
1146679,
1146724,
1146725,
1314924,
19024728,
19024730,
19089150,
35200811,
35200813,
35200814,
35200816,
35200817,
35201979,
35201980,
35201981,
35201982,
35201985,
35201986,
35201987,
35201988,
35201991,
35201992,
35201993,
35201994,
35201995,
35201996,
35201997,
35201998,
35201999,
35202000,
35202001,
35202002,
35603170,
35603171,
35603172,
35603173,
35603174,
35603175,
35603176,
35603177,
35603178,
35603179,
35603180,
35603181,
35605112,
35605113,
35605122,
35605123,
40221253,
40221254,
40221255,
40221256,
40242699,
1315942,
1315943,
1315944,
1592236,
1592237,
1593816,
1718757,
1718758,
1718759,
1718760,
1718761,
1718762,
1718763,
1718764,
1718787,
1718788,
1718789,
19044664,
19083462,
19104433,
19112195,
40057906,
40057907,
40224722,
40224723,
40224725,
40237036,
40237037,
40239089,
40239090,
40239091,
40239092,
40239093,
40240020,
40240021,
40240022,
40240023,
964130,
964131,
964132,
964133,
1338512,
1592409,
1592410,
36249239,
36249240,
36249242,
36249243,
36249244,
36249245,
36249246,
36249247,
37499119,
37499236,
40032338,
40243724,
40243727,
40243758,
40243759,
42629342,
42629343,
42629344,
42629345,
42629346,
42629347,
42629348,
42629349,
42629350,
42629353,
42629354,
42629361,
42629362,
42629363,
42629365,
42629397,
42629398,
42629400,
42706519,
1594034,
1594035,
1594037,
1594038,
1594040,
1594041,
1594043,
1594044,
1594045,
1594046,
1594047,
1344354,
1344357,
19009486,
19048056,
19100105,
19134104,
19134105,
19134106,
19134107,
19134108,
19135761,
19135762,
19135763,
19135764,
35605875,
35605876,
35605877,
35605878,
35605879,
35605880,
35605881,
35605882,
40038904,
40038908,
35603879,
35603880,
35603881,
35603882,
40230712,
40230792,
40230793,
40230794,
40230795,
1381253,
1381254,
1381256,
1381257,
1381258,
1381259,
19052964,
19052965,
19122203,
40127945,
40127946,
1325363,
1394023,
19122516,
19122517,
19122518,
19122519,
19122520,
19122521,
19127715,
19127716,
19127717,
19127718,
40040065,
40124472,
40144053,
40144054,
40223726,
40223727,
40224785,
40224786,
40236069,
40236070,
40236071,
40236072,
40236073,
40236074,
42543817,
42543818,
42543819,
42543820,
1349025,
19007238,
19029565,
19041851,
19077060,
19085221,
19103657,
19109769,
19116192,
40037892,
40037893,
40037894,
1350504,
1350506,
1350507,
1350510,
1350542,
1350543,
1350544,
19007338,
19007339,
19033606,
19033607,
19077215,
19082989,
19108529,
19111999,
19116214,
19116215,
19118215,
35606288,
35606289,
35606290,
35606291,
40041386,
40041389,
40041390,
40041392,
40041393,
1594110,
1594111,
1594112,
1594113,
1594114,
1594115,
19011440,
19135076,
19135077,
19135078,
19135080,
19135081,
19135082,
19135083,
19135084,
19135085,
19135086,
35200595,
35200596,
35200597,
35200598,
40159890,
40159891,
40175812,
40175813,
40175814,
40175815,
40175816,
40175817,
40175818,
40175819,
40175820,
40175821,
40175822,
40175823,
40175824,
40223692,
40223693,
40223694,
40223695,
40242015,
40242016,
40242017,
40242018,
42900297,
42900298,
42900301,
42900302,
42900305,
42900306,
1395557,
1395560,
19133314,
19133315,
19133316,
35605487,
35605488,
35605489,
35605490,
35605491,
40057223,
40155980,
40168269,
40168352,
40168353,
963929,
963930,
963932,
963933,
963936,
963937,
963938,
1377141,
1377163,
1377167,
1377168,
1377169,
1377170,
1377171,
19007385,
19021901,
19023560,
19023561,
19023562,
19063155,
19063156,
19063157,
19081478,
19081479,
19081480,
19081492,
19087442,
19120739,
40051647,
40051648,
40051649,
40051650,
40051651,
46287398,
793523,
793524,
793525,
793526,
964067,
964068,
964069,
964070,
964071,
964072,
964073,
964074,
964075,
964076,
964077,
964078,
964079,
964080,
964081,
964082,
44507848,
44507849,
44507850,
44507851,
44507852,
44507853,
44507854,
19078097,
19093366,
40048613,
40048614,
40222726,
40222730,
40222735,
40222736,
40222737,
40222738,
40222739,
40222740,
40222741,
40222742,
40222743,
40222744,
40222745,
40222746,
42628904,
42628905,
42628906,
42628907,
42628908,
42628909,
42628910,
42628911,
42628912,
42628913,
1354778,
19009482,
19078187,
19078468,
19078470,
19085297,
19100101,
19104466,
19104467,
19110300,
19110301,
40048653,
40048954,
40172827,
40172832,
40172907,
42628944,
42628945,
42628946,
42628947,
42628948,
42628949,
42628950,
42628951,
42628952,
42628953,
42628954,
42628955,
42628956,
793267,
793268,
793269,
793270,
793271,
793272,
1333379,
1333381,
1333522,
19010961,
19132321,
19132322,
36026689,
40007832,
40153588,
40220881,
40220882,
40220883,
40220884,
40220885,
40220886,
42707015,
42709149,
42900248,
42900399,
42903618,
43532149,
43532156,
44784984,
45775532,
46287645,
794068,
794069,
794071,
794072,
794074,
794075,
794077,
35604032,
35604033,
35604034,
35604035,
35604037,
35604038,
35604039,
35604040,
35604041,
35604042,
35604043,
1367268,
35603069,
35603071,
35603073,
35603075,
35603076,
35603077,
35604253,
35604254,
35604255,
35604256,
35604257,
35604258,
35604259,
35604260,
35604261,
35604262,
35604285,
37499234,
40174869,
40174872,
1145637,
1145656,
1145659,
1145660,
1145662,
1145663,
1145666,
1145667,
1145668,
1145669,
1145670,
35201874,
35201875,
35201876,
35201877,
36249544,
36249655,
36249923,
36249924,
42629031,
42629032,
42629033,
42629209,
42629211,
46221433,
46221546,
46221547,
46221548,
46221549,
46221550,
46221774,
46221775,
46221776,
46221777,
46221778,
46221779,
46221780,
46221781,
740067,
740069,
740071,
740072,
740074,
740075,
740077,
1301267,
1301270,
1301271,
1301292,
1301293,
19007262,
19007263,
19088295,
19107372,
19116196,
19116197,
35603553,
35603554,
35603555,
35605678,
35605679,
35605680,
35605681,
40066097,
40066101,
40066102,
40168052,
1436650,
1436651,
1436653,
19022284,
19033466,
19078978,
19088312,
40001921,
40001922,
44817921,
44817922,
44817924,
44817925,
44818291,
44818292,
792631,
1146289,
1146291,
1146292,
1146294,
1146295,
1146757,
1146758,
1146759,
1146760,
1146761,
1146762,
1146763,
1146764,
1146765,
1146766,
1146767,
1146768,
1146769,
1146770,
1146771,
1146772,
1305058,
1305083,
1305085,
1305086,
1305087,
1305088,
1305089,
1305090,
1305091,
1305122,
1305123,
1305125,
1305130,
1305131,
1305132,
1305133,
1305135,
1594290,
1594291,
1594293,
1594294,
1594297,
19001725,
19001726,
19001728,
19001730,
19007332,
19007333,
19007334,
19007335,
19007336,
19070893,
19083014,
19083016,
19083017,
19084221,
19090580,
19099981,
19100635,
19104447,
19104448,
19104452,
19111864,
19112061,
19112063,
19115487,
19115488,
19115490,
19115492,
19116211,
19116212,
19120750,
19120751,
19120752,
19120753,
19121473,
19121474,
35604165,
35604166,
35604167,
35604168,
35604169,
35604170,
35604171,
35604172,
35604173,
35604174,
35604175,
35604176,
35604177,
35604178,
35604179,
35604180,
35604181,
35604182,
40065325,
40065326,
40065328,
40065329,
40065330,
40065331,
40065332,
40126741,
40243104,
40243105,
44506581,
44506583,
44506584,
44506585,
44506586,
44506587,
44506726,
44506727,
44506728,
44506729,
44506730,
44506731,
44506732,
44506733,
44506734,
44506735,
44506736,
44506737,
44506738,
44506739,
44506740,
44506741,
45776215,
45776217,
45776218,
45776219,
45776916,
45776918,
45776920,
45776921,
45776922,
45776923,
45776924,
45776925,
45776926,
45776927,
45776930,
45776931,
45776932,
45776933,
45776934,
45776935,
45776936,
45776937,
45776938,
45776939,
45776940,
45777006,
45777007,
45777008,
45777009,
45777010,
45777011,
45777012,
45777013,
45777014,
45777015,
45777016,
45777017,
46275600,
46275601,
46275602,
46275603,
46275604,
46275609,
46275610,
46275637,
46275638,
46275861,
46276447,
46276448,
46276451,
1146252,
1146253,
1146255,
1146256,
1146258,
1389036,
1718097,
1718098,
1718100,
1718101,
1718102,
1718103,
1718104,
35605500,
35605501,
35605502,
35605503,
35605504,
35605505,
35605506,
42706049,
42706050,
42706052,
42706053,
42708221,
42708222,
1309188,
1309190,
1309191,
1309242,
1309244,
19007386,
19042139,
19042140,
19097239,
40065843,
40065844,
1361404,
1361405,
1361406,
1361407,
1537368,
1537370,
1537371,
1537373,
1537374,
1537634,
1537635,
19011069,
19012571,
19012572,
19012585,
19121659,
19121660,
40003373,
40003374,
40040069,
40125261,
40163880,
40163881,
40163882,
40163883,
40166790,
40244344,
734705,
928780,
934061,
934089,
964237,
964239,
964245,
964250,
964256,
994394,
1379610,
1510965,
1517826,
1517827,
1517829,
1517865,
1517866,
1517867,
1517868,
1517869,
1517870,
1517871,
1517912,
1517913,
1517914,
1517915,
1517916,
1517917,
1517919,
1517920,
1517921,
1517952,
1517957,
1517958,
1517959,
1517960,
1517961,
1517983,
1517984,
1517985,
1517986,
1517987,
1517988,
1517989,
1517991,
1518012,
1518013,
1518014,
1518100,
1518132,
1518133,
1518134,
1518135,
1518136,
1539502,
1592174,
1592175,
1592176,
19011435,
19019301,
19020516,
19021517,
19022453,
19022709,
19028797,
19036178,
19036179,
19036180,
19047209,
19047210,
19059787,
19065113,
19065599,
19065982,
19068124,
19070348,
19070983,
19073618,
19076523,
19076524,
19078987,
19078988,
19082311,
19087184,
19095334,
19096431,
19101800,
19103328,
19103520,
19103521,
19103545,
19103546,
19103598,
19104724,
19104725,
19104726,
19104739,
19104740,
19104771,
19104779,
19104781,
19104951,
19104952,
19104967,
19105075,
19105076,
19105142,
19105143,
19105144,
19105145,
19105146,
19105151,
19105152,
19105153,
19105164,
19105281,
19105971,
19106433,
19106434,
19106435,
19106436,
19106529,
19106939,
19107291,
19108104,
19108204,
19108305,
19109792,
19109948,
19110064,
19110065,
19110066,
19110068,
19110069,
19110070,
19110071,
19110074,
19110076,
19110253,
19110690,
19110862,
19121751,
19121752,
19121753,
19127316,
19129329,
19129330,
19129425,
19129506,
19129509,
19130222,
19134741,
19134742,
19134743,
19134783,
19134889,
19134895,
19134896,
19134897,
19134899,
19134900,
19134901,
19134930,
19134931,
19134932,
19135484,
19135679,
40094257,
40167885,
40167886,
40167890,
40167891,
40168044,
40169444,
40224128,
40224129,
40224130,
40224131,
40225100,
40225101,
40225103,
40225104,
40233393,
40233413,
40233414,
40236542,
40237543,
40237544,
40237545,
40237546,
40237547,
40237548,
40237633,
40237634,
40238757,
40238759,
40238760,
40240436,
40241646,
40241647,
42707512,
42707662,
42707923,
42800402,
42800710,
42901763,
42901764,
43012510,
43012511,
43532824,
45774878,
1593861,
1593862,
1593865,
1593866,
1593868,
1593869,
1593872,
44507676,
44507677,
44507678,
44507679,
44507680,
46275697,
46275698,
46275699,
46275700,
793991,
793992,
793993,
793994,
793995,
793996,
793997,
793998,
793999,
794000,
45892579,
45892580,
45892581,
45892582,
45892584,
45892585,
45892586,
1592663,
1592664,
1718346,
1718347,
1718349,
1718350,
1718352,
1718353,
1718355,
1718356,
1718357,
35605522,
35605523,
35605524,
35605525,
35605527,
35605528,
35605529,
35605534,
35605535,
35605536,
35605537,
1318011,
1318044,
19025345,
35603923,
35603924,
35603925,
35603926,
35603927,
35603928,
35603929,
35604080,
35604081,
35604082,
35604083,
35604084,
36250045,
1378382,
1378385,
1378386,
1378388,
1378389,
19035209,
19046306,
19071366,
19083605,
19115202,
19118386,
19119954,
19120700,
40068931,
40068932,
40068934,
45775593,
45775594,
45775596,
45775597,
45775598,
46276328,
46276329,
46276330,
46276331,
37499170,
37499171,
37499172,
37499173,
37499174,
37499175,
37499176,
37499177,
45892075,
45892076,
45892077,
45892078,
45892080,
45892081,
45892082,
45892083,
45892084,
45892085,
45892086,
45892087,
45892088,
45892089,
45892090,
40167554,
40167555,
40167556,
40167557,
40167558,
40167559,
40167560,
40167561,
40167562,
40167563,
40167564,
1366762,
1366763,
42629079,
42629080,
42629081,
42629082,
42629084,
42629085,
42629086,
42629087,
42629088,
45775965,
45775966,
45775970,
46276407,
46276408,
46276409,
46276410,
46276411,
46276412,
46276413,
46276414,
46276415,
46276416,
1304919,
35604780,
35604781,
35604782,
35604783,
35604784,
35604785,
35604786,
35604787,
35604788,
35604789,
792381,
792382,
792383,
792384,
792385,
792386,
1146566,
1146569,
42799711,
42799712,
42799713,
42799714,
42799715,
42799716,
42799717,
42801287,
42801288,
42801289,
42801290,
42801291,
46276273,
46276274,
46276275,
46276276,
739490,
739491,
739492,
739493,
35604298,
35604299,
35604449,
35604450,
43013182,
43013183,
43013184,
43013185,
43013186,
43013187,
43013188,
43013189,
43013190,
43013191,
43013192,
44817864,
44817867,
44818489,
46276424,
46276425,
46276426,
46276427,
46276428,
46276429,
46276430,
46276431,
42900890,
42900891,
42900893,
42900894,
42901616,
42901617,
42903460,
44818461,
46275217,
46275218,
46275219,
46275220,
46275221,
46275222,
46275225,
46275226,
46275227,
46275228,
40244464,
40244465,
40244466,
40244467,
40244468,
40244469,
40244470,
40244471,
40244472,
40244473,
40244474,
40244475,
40244476,
40244477,
40244478,
40244479,
40244480,
40244481,
40244482,
40244483,
40244484,
40244485,
40244486,
1363387,
1363388,
1363389,
1363390,
19087089,
40128058,
40130904,
1336539,
1336540,
1336541,
1336622,
1336623,
1336624,
1336625,
1336626,
1336627,
1336628,
19086381,
19086382,
19086383,
40130918,
40130919,
45776251,
45776252,
45776253,
45776254,
19056756,
19056757,
19065033,
19103425,
19112056,
40091379,
40091384,
1341149,
1341150,
1341151,
1341173,
1341176,
1341180,
1341181,
1341209,
1341210,
19068335,
19079716,
19079717,
19082374,
19085135,
19086192,
19100143,
19100144,
19100145,
19100146,
19125744,
19125745,
19125746,
19125747,
19126408,
19126409,
19126410,
19126411,
35603610,
35603611,
40102493,
40102494,
19092845,
19092846,
19092847,
19127052,
19127053,
35603612,
35603613,
35603614,
35603615,
1594015,
1594016,
1594018,
1594019,
1594020,
19079744,
19087388,
19087389,
19093980,
19137385,
40085816,
40085817,
46275905,
46275906,
46275907,
46275911,
46275912,
1378509,
1378510,
1378511,
1378532,
1378534,
1378535,
1378536,
1378537,
19046574,
19046575,
19124326,
19127877,
36249273,
36249274,
36249275,
36249276,
36249277,
36249278,
36249279,
40089855,
40143732,
40143733,
43532497,
43532498,
43532499,
43532500,
43532501,
43532502,
43532503,
43532504,
43532505,
43532506,
43532507,
43532508,
43532509,
43532510,
43532511,
739486,
1355999,
1360971,
1361270,
1361276,
1366686,
1366689,
1387104,
1396450,
1594430,
1594431,
1594432,
1594433,
1594434,
1594435,
1594436,
1594437,
1594438,
1594439,
19132123,
19132124,
19132125,
19132126,
37497468,
37498189,
37498840,
37499505,
37499511,
40099452,
40124661,
46275186,
40238052,
40238053,
40238054,
40238055,
40238056,
40238057,
40241208,
40241209,
40241210,
40241211,
40241212,
40241937,
40241938,
40241939,
40241940,
40241941,
40241942,
40241943,
35604205,
35604206,
35604207,
35604208,
35604210,
35604211,
35604212,
35604216,
35604217,
35604218,
35604219,
35604220,
35604221,
35604222,
35604223,
35604606,
35604776,
1314865,
1314867,
19114691,
35604286,
35604287,
35604288,
35604289,
37002902,
37002905,
37002906,
37002908,
37002909,
37002912,
37002913,
37002914,
37002915,
37002916,
19008264,
19008265,
40088544,
40220957,
1308290,
1592861,
1592862,
1593008,
1593009,
1593011,
1593012,
1593013,
1593014,
35604641,
35604642,
37499235,
40088884,
40149517,
40169197,
40169257,
40170309,
40170310,
40170311,
40170312,
40170313,
40170318,
42874138,
42874139,
42874140,
42874141,
42903383,
1343346,
19069391,
19085602,
35605196,
35605197,
35605198,
35605199,
35605200,
35605201,
35605202,
35605203,
955632,
955636,
955638,
955639,
955640,
955641,
955662,
955663,
955664,
955669,
955670,
955671,
955692,
955693,
955694,
19006710,
19007300,
19007331,
19016967,
19019009,
19021549,
19043259,
19047418,
19077439,
19077440,
19077461,
19081292,
19087593,
19087911,
19101884,
19112960,
19112961,
19115261,
19120329,
35602708,
35602709,
35602711,
35602712,
35602713,
40037847,
40042274,
40042275,
40042276,
40042277,
40042278,
40042279,
40042280,
40042281,
40042282,
40042283,
40042284,
42628972,
42628973,
42628974,
42628975,
42628976,
42628977,
42628984,
45892941,
45892942
